1 0.000001
2 0.000001
3 0.000001
4 0.000001
5 0.000001
6 0.000001
7 0.000001
8 0.000002
9 0.000001
10 0.000001
20 0.000002
30 0.000001
40 0.000001
50 0.000001
60 0.000001
70 0.000001
80 0.000001
90 0.000001
100 0.000002
200 0.000002
300 0.000003
400 0.000002
500 0.000003
600 0.000004
700 0.000005
800 0.000005
900 0.000005
1000 0.000006
2000 0.000009
3000 0.000013
4000 0.000017
5000 0.000021
6000 0.000025
7000 0.000029
8000 0.000033
9000 0.000037
10000 0.000041
20000 0.000081
30000 0.000120
40000 0.000160
50000 0.000200
60000 0.000241
70000 0.000280
80000 0.000320
90000 0.000359
100000 0.000399
200000 0.000795
300000 0.001193
400000 0.001589
500000 0.001985
600000 0.002383
700000 0.002779
800000 0.003176
900000 0.003574
1000000 0.003970
2000000 0.007938
3000000 0.011906
4000000 0.015874
5000000 0.019845
6000000 0.024654
7000000 0.027780
8000000 0.031748
9000000 0.035719
10000000 0.039683
20000000 0.079367
30000000 0.119047
40000000 0.158731
50000000 0.198413
60000000 0.238100
70000000 0.277777
80000000 0.317456
90000000 0.357150
100000000 0.396822
