1 0.000001
2 0.000001
3 0.000001
4 0.000002
5 0.000002
6 0.000001
7 0.000001
8 0.000001
9 0.000001
10 0.000002
20 0.000002
30 0.000002
40 0.000003
50 0.000003
60 0.000003
70 0.000003
80 0.000004
90 0.000004
100 0.000004
200 0.000006
300 0.000009
400 0.000012
500 0.000014
600 0.000017
700 0.000019
800 0.000021
900 0.000024
1000 0.000027
2000 0.000052
3000 0.000077
4000 0.000103
5000 0.000128
6000 0.000154
7000 0.000180
8000 0.000205
9000 0.000231
10000 0.000256
20000 0.000513
30000 0.000768
40000 0.001021
50000 0.001276
60000 0.001531
70000 0.001787
80000 0.002041
90000 0.002297
100000 0.002551
200000 0.005106
300000 0.007650
400000 0.010205
500000 0.012758
600000 0.015308
700000 0.017859
800000 0.020407
900000 0.022956
1000000 0.025510
2000000 0.051025
3000000 0.076537
4000000 0.102033
5000000 0.127539
6000000 0.153055
7000000 0.178564
8000000 0.204066
9000000 0.229599
10000000 0.255093
20000000 0.510176
30000000 0.765253
40000000 1.020370
50000000 1.275429
60000000 1.530585
70000000 1.785607
80000000 2.040752
90000000 2.295785
100000000 2.550887
