1 0.000001
2 0.000002
3 0.000003
4 0.000003
5 0.000003
6 0.000004
7 0.000005
8 0.000005
9 0.000005
10 0.000006
20 0.000011
30 0.000016
40 0.000021
50 0.000026
60 0.000031
70 0.000035
80 0.000041
90 0.000045
100 0.000050
200 0.000099
300 0.000148
400 0.000198
500 0.000247
600 0.000296
700 0.000345
800 0.000394
900 0.000444
1000 0.000493
2000 0.000985
3000 0.001476
4000 0.001968
5000 0.002461
6000 0.002951
7000 0.003444
8000 0.003934
9000 0.004428
10000 0.004917
20000 0.009835
30000 0.014758
40000 0.019668
50000 0.024585
60000 0.029503
70000 0.034418
80000 0.039335
90000 0.044254
100000 0.049168
200000 0.098335
300000 0.147505
400000 0.196671
500000 0.245846
600000 0.295008
700000 0.344164
800000 0.393346
900000 0.442501
1000000 0.491674
2000000 0.983338
3000000 1.475012
4000000 1.966685
5000000 2.458376
6000000 2.950019
7000000 3.441716
8000000 3.933385
9000000 4.425020
10000000 4.916717
20000000 9.833457
30000000 14.750210
40000000 19.666845
50000000 24.583576
60000000 29.500429
70000000 34.417114
80000000 39.333763
90000000 44.250729
100000000 49.167721
