1 0.000007
2 0.000012
3 0.000017
4 0.000023
5 0.000028
6 0.000034
7 0.000040
8 0.000045
9 0.000050
10 0.000054
20 0.000111
30 0.000163
40 0.000217
50 0.000271
60 0.000326
70 0.000381
80 0.000435
90 0.000488
100 0.000543
200 0.001085
300 0.001628
400 0.002169
500 0.002712
600 0.003255
700 0.003796
800 0.004339
900 0.004881
1000 0.005424
2000 0.010847
3000 0.016269
4000 0.021694
5000 0.027116
6000 0.032538
7000 0.037962
8000 0.043387
9000 0.048810
10000 0.054231
20000 0.108460
30000 0.162691
40000 0.216918
50000 0.271148
60000 0.325382
70000 0.379608
80000 0.433835
90000 0.488074
100000 0.542296
200000 1.084597
300000 1.626889
400000 2.169186
500000 2.711470
600000 3.253766
700000 3.796087
800000 4.338342
900000 4.880688
1000000 5.422972
2000000 10.845907
3000000 16.268837
4000000 21.691692
5000000 27.114643
6000000 32.537682
7000000 37.960617
8000000 43.383385
9000000 48.806477
10000000 54.229412
20000000 108.458839
30000000 162.687927
40000000 216.917450
50000000 271.147827
60000000 325.378204
70000000 379.611359
80000000 433.843811
90000000 488.070526
100000000 542.302185
